STEM_0:     3.31914240
STEM_1:     4.33520640
LAYER_1_0: 41.61798144
LAYER_1_1: 13.87266048
LAYER_1_2: 41.61798144
LAYER_1_3: 13.87266048
LAYER_1_4: 41.61798144
LAYER_1_5: 13.87266048
LAYER_1_6: 41.61798144
LAYER_1_7: 13.87266048
LAYER_2_0: 16.61829120
LAYER_2_1:  5.53943040
LAYER_2_2: 16.61829120
LAYER_2_3:   .51380224
LAYER_2_4:  5.53943040
LAYER_2_5: 20.80899072
LAYER_2_6:  6.93633024
LAYER_2_7: 20.80899072
LAYER_2_8:  6.93633024
LAYER_3_0:  8.30914560
LAYER_3_1:  2.76971520
LAYER_3_2:  8.30914560
LAYER_3_3:   .25690112
LAYER_3_4:  2.76971520
LAYER_3_5: 10.40449536
LAYER_3_6:  3.46816512
LAYER_3_7: 10.40449536
LAYER_3_8:  3.46816512
LAYER_4_0:  4.15908864
LAYER_4_1:  1.38636288
LAYER_4_2:  4.15908864
LAYER_4_3:   .12845056
LAYER_4_4:  1.38636288
LAYER_4_5:  5.20224768
LAYER_4_6:  1.73408256
LAYER_4_7:  5.20224768
LAYER_4_8:  1.73408256
